date:22/06/2022 15:15:26 | input:config_history_stats/144days_cleaned.csv | depth:1 | keyword: ACL | time_taken:0.016660813000000108
date:22/06/2022 15:17:14 | input:config_history_stats/144days_cleaned.csv | depth:1 | keyword: Port | time_taken:0.01898668300000006
date:22/06/2022 15:24:31 | input:config_history_stats/144days_cleaned.csv | depth:2 | keyword: Port | time_taken:0.10707693400000018
date:25/06/2022 12:04:04 | input:config_history_stats/144days_cleaned.csv | depth:1 | keyword: Port | time_taken:0.020631459999999935
